7 3
18 2
19 2
21 2
22 2
25 2
34 2
36 2
37 2
40 2
52 2
58 2
61 2
62 2
68 2
76 2
90 2
100 2
4 1
6 1
10 1
13 1
17 1
20 1
24 1
29 1
32 1
38 1
53 1
55 1
60 1
66 1
72 1
74 1
75 1
82 1
83 1
84 1
85 1
88 1
92 1
96 1
99 1
101 1
0 0
1 0
2 0
3 0
5 0
8 0
9 0
11 0
12 0
14 0
15 0
16 0
23 0
26 0
27 0
28 0
30 0
31 0
33 0
35 0
39 0
41 0
42 0
43 0
44 0
45 0
46 0
47 0
48 0
49 0
50 0
51 0
54 0
56 0
57 0
59 0
63 0
64 0
65 0
67 0
69 0
70 0
71 0
73 0
77 0
78 0
79 0
80 0
81 0
86 0
87 0
89 0
91 0
93 0
94 0
95 0
97 0
98 0
102 0
